0 0.1645 0.665 0.225 0.45
0 0.3525 0.25 0.183 0.3066666666666667
0 0.579 0.5208333333333334 0.1 0.375
0 0.7115 0.4575 0.127 0.135
0 0.3725 0.8675 0.17500000000000002 0.2516666666666667
0 0.2925 0.7408333333333333 0.151 0.28500000000000003
0 0.45 0.2758333333333334 0.202 0.41500000000000004
0 0.648 0.6950000000000001 0.138 0.29000000000000004
0 0.7485 0.8416666666666667 0.107 0.21333333333333335
0 0.8220000000000001 0.2575 0.11 0.20500000000000002
0 0.921 0.08916666666666667 0.1 0.10166666666666667
