0 0.5214285714285715 0.8923444976076554 0.173015873015873 0.18181818181818182
0 0.5444444444444444 0.7488038277511961 0.13015873015873017 0.12440191387559808
0 0.7087301587301588 0.9102870813397129 0.11904761904761904 0.12679425837320574
0 0.3238095238095238 0.24401913875598086 0.14285714285714285 0.11961722488038277
0 0.09523809523809523 0.5598086124401913 0.15873015873015872 0.11961722488038277
0 0.12063492063492064 0.6925837320574162 0.12380952380952381 0.16028708133971292
0 0.3325396825396825 0.923444976076555 0.12857142857142856 0.12440191387559808
0 0.7238095238095238 0.19736842105263158 0.08253968253968254 0.21291866028708134
0 0.7238095238095238 0.33014354066985646 0.16825396825396827 0.09090909090909091
0 0.4714285714285714 0.5753588516746412 0.09841269841269841 0.12679425837320574
