0 0.40885416666666663 0.349609375 0.1171875 0.3059895833333333
0 0.39518229166666663 0.619140625 0.09765625 0.22265625
0 0.7252604166666666 0.6302083333333333 0.109375 0.23697916666666666
0 0.87890625 0.3313802083333333 0.19010416666666666 0.3059895833333333
0 0.08984375 0.28580729166666663 0.11197916666666666 0.22005208333333331
0 0.24609375 0.27994791666666663 0.13541666666666666 0.25
0 0.2903645833333333 0.5891927083333333 0.11458333333333333 0.19921875
0 0.080078125 0.6321614583333333 0.10546875 0.23307291666666666
0 0.40104166666666663 0.9055989583333333 0.1015625 0.15755208333333331
0 0.6106770833333333 0.08984375 0.10416666666666666 0.15885416666666666
0 0.5501302083333333 0.9153645833333333 0.11328125 0.1640625
0 0.7395833333333333 0.9075520833333333 0.12239583333333333 0.16927083333333331
