0 0.3336575875486381 0.5102140077821011 0.13618677042801558 0.20719844357976655
0 0.6789883268482491 0.5622568093385214 0.14785992217898833 0.17120622568093385
0 0.44990272373540857 0.7237354085603113 0.06712062256809338 0.16731517509727628
0 0.39250972762645914 0.2689688715953307 0.14494163424124515 0.14494163424124515
0 0.5763618677042802 0.26410505836575876 0.15856031128404668 0.11575875486381323
0 0.693579766536965 0.36575875486381326 0.12256809338521402 0.14785992217898833
0 0.7334630350194553 0.43190661478599224 0.11867704280155641 0.16342412451361868
0 0.25 0.6220817120622568 0.10894941634241245 0.16634241245136186
0 0.38083657587548636 0.6853112840466926 0.13910505836575876 0.15856031128404668
0 0.5311284046692607 0.6454280155642024 0.16342412451361868 0.0963035019455253
