0 0.09360730593607305 0.12666666666666668 0.1324200913242009 0.2066666666666667
0 0.271689497716895 0.14 0.1598173515981735 0.25333333333333335
0 0.45662100456621 0.12666666666666668 0.1552511415525114 0.2066666666666667
0 0.6552511415525114 0.14333333333333334 0.1963470319634703 0.26666666666666666
0 0.8812785388127853 0.14166666666666666 0.1917808219178082 0.2566666666666667
0 0.6757990867579908 0.3383333333333334 0.4200913242009132 0.11666666666666667
0 0.1963470319634703 0.5916666666666667 0.2100456621004566 0.30333333333333334
0 0.4200913242009132 0.5716666666666667 0.2009132420091324 0.31
0 0.6438356164383561 0.5716666666666667 0.2100456621004566 0.2966666666666667
0 0.8835616438356164 0.5800000000000001 0.2237442922374429 0.3466666666666667
