0 0.14125000000000001 0.7062101910828026 0.10083333333333334 0.3996815286624204
0 0.26833333333333337 0.713375796178344 0.095 0.46496815286624205
0 0.13041666666666668 0.3431528662420382 0.17583333333333334 0.4888535031847134
0 0.26125000000000004 0.3065286624203822 0.10083333333333334 0.36783439490445863
0 0.3983333333333334 0.3184713375796179 0.09166666666666667 0.3152866242038217
0 0.5366666666666667 0.3312101910828026 0.12666666666666668 0.46178343949044587
0 0.6820833333333334 0.3160828025477707 0.13583333333333333 0.39331210191082805
0 0.8154166666666667 0.3136942675159236 0.14250000000000002 0.35031847133757965
0 0.9466666666666668 0.2914012738853503 0.10166666666666667 0.3439490445859873
0 0.9637500000000001 0.7085987261146497 0.0625 0.4012738853503185
0 0.9033333333333334 0.7213375796178344 0.07833333333333334 0.356687898089172
0 0.7929166666666667 0.731687898089172 0.12250000000000001 0.4124203821656051
0 0.6579166666666667 0.7245222929936306 0.09916666666666667 0.356687898089172
0 0.5354166666666667 0.7277070063694268 0.1275 0.36624203821656054
0 0.40625 0.7221337579617835 0.11416666666666668 0.3869426751592357
