0 0.3586309523809524 0.1919642857142857 0.22916666666666666 0.3005952380952381
0 0.4985119047619047 0.1845238095238095 0.15773809523809523 0.3333333333333333
0 0.65625 0.1845238095238095 0.15178571428571427 0.29166666666666663
0 0.8214285714285714 0.2306547619047619 0.1845238095238095 0.21726190476190474
0 0.8125 0.45535714285714285 0.33928571428571425 0.15476190476190477
0 0.837797619047619 0.6116071428571428 0.3005952380952381 0.13988095238095238
0 0.7976190476190476 0.7529761904761905 0.27976190476190477 0.22023809523809523
0 0.6711309523809523 0.8154761904761905 0.21726190476190474 0.30952380952380953
0 0.5044642857142857 0.831845238095238 0.14583333333333331 0.32440476190476186
0 0.30803571428571425 0.8139880952380952 0.20535714285714285 0.3005952380952381
0 0.19047619047619047 0.7321428571428571 0.27976190476190477 0.23214285714285712
0 0.15178571428571427 0.5744047619047619 0.2857142857142857 0.1607142857142857
0 0.16220238095238093 0.3883928571428571 0.306547619047619 0.22916666666666666
0 0.22619047619047616 0.26041666666666663 0.26785714285714285 0.2648809523809524
