0 0.5720338983050848 0.2627118644067796 0.23220338983050848 0.2305084745762712
0 0.7949152542372881 0.22542372881355932 0.19999999999999998 0.22033898305084745
0 0.7813559322033898 0.05677966101694915 0.20338983050847456 0.09661016949152543
0 0.9525423728813559 0.0983050847457627 0.08813559322033898 0.11186440677966102
0 0.9491525423728814 0.3296610169491525 0.09491525423728814 0.13050847457627118
0 0.5415254237288135 0.6542372881355932 0.20508474576271185 0.21016949152542372
0 0.6669491525423729 0.8567796610169491 0.27627118644067794 0.24915254237288134
0 0.7194915254237287 0.5372881355932203 0.24915254237288134 0.22033898305084745
0 0.8728813559322034 0.5050847457627119 0.25084745762711863 0.3220338983050847
0 0.8194915254237288 0.7483050847457627 0.22203389830508474 0.22542372881355932
0 0.8728813559322034 0.7254237288135593 0.0 0.0
0 0.9322033898305084 0.8042372881355931 0.13559322033898305 0.14745762711864407
0 0.9194915254237288 0.9516949152542372 0.1542372881355932 0.09322033898305085
