0 0.5071428571428571 0.2757142857142857 0.98 0.19142857142857142
0 0.15285714285714286 0.4357142857142857 0.16857142857142857 0.1457142857142857
0 0.09428571428571429 0.5514285714285714 0.14857142857142858 0.1657142857142857
0 0.20714285714285716 0.5828571428571429 0.11142857142857143 0.16
0 0.22428571428571428 0.76 0.19142857142857142 0.16
0 0.3842857142857143 0.7214285714285714 0.21428571428571427 0.2542857142857143
0 0.4828571428571429 0.6857142857142857 0.13142857142857142 0.21142857142857144
0 0.39 0.48714285714285716 0.20857142857142857 0.18
0 0.5557142857142857 0.5857142857142857 0.07142857142857142 0.21714285714285714
0 0.5914285714285714 0.7642857142857142 0.10285714285714286 0.18571428571428572
0 0.6542857142857142 0.7057142857142857 0.12 0.22285714285714286
0 0.7785714285714286 0.7171428571428572 0.13428571428571429 0.2342857142857143
0 0.9128571428571428 0.73 0.12857142857142856 0.2257142857142857
0 0.6214285714285714 0.4142857142857143 0.16285714285714287 0.09142857142857143
0 0.6442857142857142 0.5057142857142857 0.12285714285714286 0.14285714285714285
0 0.7471428571428571 0.5185714285714286 0.15714285714285714 0.10571428571428572
0 0.8257142857142857 0.4757142857142857 0.1657142857142857 0.1742857142857143
0 0.9557142857142857 0.5 0.07142857142857142 0.2342857142857143
