0 0.184375 0.26685393258426965 0.084375 0.27153558052434457
0 0.35468750000000004 0.2640449438202247 0.10312500000000001 0.2546816479400749
0 0.52734375 0.2696629213483146 0.11406250000000001 0.27340823970037453
0 0.7039062500000001 0.2640449438202247 0.09843750000000001 0.3071161048689139
0 0.89375 0.27153558052434457 0.125 0.27340823970037453
0 0.14921875 0.6395131086142322 0.08281250000000001 0.3089887640449438
0 0.33437500000000003 0.6292134831460674 0.11875000000000001 0.32209737827715357
0 0.53359375 0.6282771535580525 0.11093750000000001 0.31273408239700373
0 0.7156250000000001 0.648876404494382 0.1125 0.31647940074906367
0 0.89765625 0.6310861423220974 0.1171875 0.31835205992509363
