0 0.44875 0.2822822822822823 0.1325 0.4264264264264264
0 0.55 0.2927927927927928 0.135 0.3993993993993994
0 0.6825 0.2882882882882883 0.125 0.43243243243243246
0 0.7925 0.2927927927927928 0.095 0.40540540540540543
0 0.88125 0.34984984984984985 0.0975 0.32732732732732733
0 0.90375 0.7432432432432432 0.11750000000000001 0.36936936936936937
0 0.80125 0.7507507507507507 0.11750000000000001 0.34234234234234234
0 0.70875 0.7402402402402403 0.1225 0.3333333333333333
0 0.59 0.7342342342342342 0.125 0.36936936936936937
0 0.485 0.7222222222222222 0.14 0.3813813813813814
