0 0.11971830985915494 0.20857142857142857 0.10422535211267606 0.36
0 0.24366197183098592 0.22714285714285715 0.13802816901408452 0.3514285714285714
0 0.3704225352112676 0.23 0.10985915492957747 0.3057142857142857
0 0.504225352112676 0.23714285714285716 0.10140845070422536 0.30857142857142855
0 0.6169014084507043 0.23714285714285716 0.08450704225352113 0.2914285714285714
0 0.7338028169014085 0.23714285714285716 0.10422535211267606 0.2914285714285714
0 0.8647887323943663 0.24571428571428572 0.12394366197183099 0.30857142857142855
0 0.08450704225352113 0.6014285714285714 0.08450704225352113 0.2257142857142857
0 0.16056338028169015 0.5242857142857142 0.09577464788732395 0.2542857142857143
0 0.21690140845070424 0.5914285714285714 0.07323943661971831 0.25142857142857145
0 0.2774647887323944 0.5285714285714286 0.07605633802816902 0.2342857142857143
0 0.3352112676056338 0.6042857142857143 0.07323943661971831 0.2257142857142857
0 0.3915492957746479 0.5357142857142857 0.07323943661971831 0.23714285714285716
0 0.44084507042253523 0.6014285714285714 0.05915492957746479 0.24285714285714285
0 0.49859154929577465 0.5371428571428571 0.08450704225352113 0.22285714285714286
0 0.5535211267605634 0.6142857142857143 0.07042253521126761 0.21142857142857144
0 0.6098591549295775 0.5457142857142857 0.0647887323943662 0.24
0 0.6676056338028169 0.6114285714285714 0.07323943661971831 0.21142857142857144
0 0.7225352112676057 0.5342857142857143 0.08732394366197184 0.22285714285714286
0 0.7873239436619719 0.62 0.08732394366197184 0.21714285714285714
0 0.8464788732394367 0.5328571428571428 0.07042253521126761 0.20285714285714285
0 0.9126760563380282 0.6228571428571429 0.09014084507042254 0.2
0 0.11830985915492959 0.84 0.08450704225352113 0.17142857142857143
0 0.16619718309859155 0.8871428571428571 0.061971830985915494 0.12285714285714286
0 0.20704225352112676 0.8242857142857143 0.0647887323943662 0.1742857142857143
0 0.2690140845070423 0.8728571428571429 0.0647887323943662 0.19714285714285715
0 0.323943661971831 0.8171428571428572 0.07323943661971831 0.1657142857142857
0 0.3887323943661972 0.8871428571428571 0.07323943661971831 0.15714285714285714
0 0.4338028169014085 0.8271428571428572 0.08450704225352113 0.15714285714285714
0 0.4887323943661972 0.87 0.0647887323943662 0.15714285714285714
0 0.5211267605633804 0.82 0.05070422535211268 0.14285714285714285
0 0.5633802816901409 0.8857142857142857 0.056338028169014086 0.14285714285714285
0 0.6126760563380282 0.81 0.04788732394366198 0.15142857142857144
0 0.6450704225352113 0.8914285714285715 0.056338028169014086 0.13714285714285715
0 0.676056338028169 0.8142857142857143 0.04507042253521127 0.12571428571428572
0 0.7112676056338029 0.8528571428571429 0.04225352112676056 0.11142857142857143
0 0.7507042253521127 0.8285714285714286 0.036619718309859155 0.11428571428571428
0 0.823943661971831 0.7985714285714286 0.09859154929577466 0.04285714285714286
0 0.8253521126760563 0.8385714285714285 0.10140845070422536 0.037142857142857144
0 0.8830985915492958 0.8128571428571428 0.05915492957746479 0.1742857142857143
0 0.8661971830985916 0.9428571428571428 0.1267605633802817 0.05142857142857143
0 0.7436619718309859 0.9385714285714286 0.11267605633802817 0.04285714285714286
