0 0.07142857142857142 0.14857142857142858 0.06857142857142857 0.14285714285714285
0 0.1742857142857143 0.1357142857142857 0.06285714285714286 0.16857142857142857
0 0.3028571428571429 0.12714285714285714 0.09142857142857143 0.18571428571428572
0 0.4757142857142857 0.07857142857142857 0.10571428571428572 0.13428571428571429
0 0.68 0.35 0.10285714285714286 0.20857142857142857
0 0.92 0.68 0.05714285714285714 0.2342857142857143
0 0.6771428571428572 0.6514285714285715 0.10857142857142857 0.24
0 0.3 0.3628571428571429 0.06857142857142857 0.18285714285714286
0 0.18 0.36142857142857143 0.05714285714285714 0.15714285714285714
0 0.08428571428571428 0.5528571428571428 0.07714285714285714 0.12857142857142856
0 0.31142857142857144 0.8242857142857143 0.08 0.15142857142857144
0 0.6757142857142857 0.9171428571428571 0.1 0.13714285714285715
0 0.10285714285714286 0.9214285714285714 0.07428571428571429 0.13428571428571429
0 0.022857142857142857 0.8871428571428571 0.02857142857142857 0.11142857142857143
