0 0.1313131313131313 0.2733333333333334 0.13468013468013468 0.3466666666666667
0 0.24579124579124578 0.23 0.1212121212121212 0.30000000000000004
0 0.3737373737373737 0.25 0.1212121212121212 0.37333333333333335
0 0.5218855218855218 0.255 0.1414141414141414 0.37000000000000005
0 0.6902356902356902 0.2783333333333334 0.1212121212121212 0.3566666666666667
0 0.7895622895622896 0.24666666666666667 0.09764309764309764 0.32666666666666666
0 0.8973063973063973 0.2833333333333333 0.13804713804713803 0.37333333333333335
0 0.1414141414141414 0.6966666666666667 0.19528619528619529 0.4066666666666667
0 0.3013468013468013 0.7400000000000001 0.16498316498316498 0.36000000000000004
0 0.468013468013468 0.7150000000000001 0.14814814814814814 0.4166666666666667
0 0.6094276094276094 0.7166666666666667 0.1212121212121212 0.3866666666666667
0 0.7491582491582491 0.7233333333333334 0.12457912457912457 0.3666666666666667
0 0.8703703703703703 0.675 0.12457912457912457 0.43000000000000005
