0 0.065 0.255 0.11333333333333334 0.43333333333333335
0 0.20750000000000002 0.255 0.13833333333333334 0.39666666666666667
0 0.46416666666666667 0.2316666666666667 0.14166666666666666 0.36333333333333334
0 0.5666666666666667 0.3241666666666667 0.14 0.2783333333333334
0 0.66 0.2 0.13 0.2866666666666667
0 0.8058333333333334 0.315 0.11166666666666668 0.2833333333333333
0 0.8933333333333334 0.2625 0.09666666666666668 0.2816666666666667
0 0.8958333333333334 0.5233333333333333 0.08833333333333333 0.22333333333333336
0 0.9 0.77 0.13 0.2733333333333334
0 0.7525000000000001 0.8308333333333334 0.16166666666666668 0.23500000000000001
0 0.7983333333333333 0.63 0.08333333333333334 0.12333333333333334
0 0.6958333333333334 0.5383333333333333 0.12166666666666667 0.29000000000000004
0 0.5750000000000001 0.7066666666666667 0.15000000000000002 0.32666666666666666
0 0.48000000000000004 0.5583333333333333 0.10666666666666667 0.2066666666666667
0 0.35583333333333333 0.4083333333333334 0.10500000000000001 0.3433333333333334
0 0.385 0.7741666666666667 0.20333333333333334 0.34500000000000003
0 0.24750000000000003 0.6258333333333334 0.14500000000000002 0.31833333333333336
0 0.11833333333333335 0.7033333333333334 0.18333333333333335 0.44
