0 0.11166666666666668 0.22602739726027396 0.16333333333333333 0.4246575342465753
0 0.28 0.22773972602739725 0.16 0.43493150684931503
0 0.45 0.2226027397260274 0.16666666666666669 0.4246575342465753
0 0.6333333333333334 0.21575342465753422 0.18666666666666668 0.4178082191780822
0 0.8083333333333333 0.2208904109589041 0.21000000000000002 0.4280821917808219
0 0.09666666666666668 0.7157534246575342 0.17333333333333334 0.5136986301369862
0 0.2816666666666667 0.7226027397260274 0.17 0.5273972602739726
0 0.48000000000000004 0.7226027397260274 0.2 0.5342465753424657
0 0.6783333333333333 0.7277397260273972 0.22333333333333336 0.5376712328767123
0 0.8766666666666667 0.7243150684931506 0.23333333333333334 0.5376712328767123
