0 0.11637931034482758 0.25 0.11896551724137931 0.4586206896551724
0 0.13189655172413792 0.718103448275862 0.15 0.43275862068965515
0 0.2206896551724138 0.2267241379310345 0.11724137931034483 0.33620689655172414
0 0.22758620689655173 0.593103448275862 0.11724137931034483 0.3931034482758621
0 0.35086206896551725 0.22241379310344828 0.15 0.41379310344827586
0 0.3594827586206896 0.6913793103448276 0.18448275862068966 0.496551724137931
0 0.4982758620689655 0.5568965517241379 0.14482758620689656 0.35172413793103446
0 0.49224137931034484 0.22758620689655173 0.1396551724137931 0.3275862068965517
0 0.5706896551724138 0.7198275862068966 0.1586206896551724 0.4672413793103448
0 0.6413793103448275 0.21120689655172414 0.11724137931034483 0.3189655172413793
0 0.8 0.1956896551724138 0.1103448275862069 0.36379310344827587
0 0.6482758620689655 0.5568965517241379 0.12413793103448276 0.3413793103448276
0 0.8043103448275862 0.7060344827586207 0.22241379310344828 0.5258620689655172
0 0.8853448275862069 0.5465517241379311 0.1396551724137931 0.3103448275862069
